4926
199 200 215 220
199 200 184 187
199 200 148 153
199 200 142 145
199 199 131 141
199 200 111 116
199 200 64 69
199 200 38 41
199 200 1 4
198 200 230 233
198 199 210 214
198 200 199 201
198 199 195 198
198 200 180 183
198 200 118 121
198 200 24 27
197 199 223 225
197 198 219 222
197 199 176 178
197 198 171 174
197 198 80 83
197 199 53 55
197 200 42 43
197 199 32 34
197 198 10 15
196 197 211 214
196 197 197 200
196 197 137 140
196 199 108 110
196 199 95 96
195 197 239 241
195 196 219 224
195 197 180 182
195 200 161 162
195 197 143 145
195 198 131 132
195 197 121 123
195 198 114 115
195 197 97 99
195 197 92 94
195 200 85 86
195 200 51 52
195 197 7 9
194 197 249 250
194 197 118 120
194 196 105 107
194 196 89 91
194 195 65 68
194 196 35 37
194 194 13 23
193 194 230 233
193 196 171 172
193 195 158 160
193 195 137 139
193 195 125 127
193 194 121 124
193 198 111 112
193 196 53 54
193 195 27 29
193 195 10 12
193 195 1 3
192 195 198 200
192 200 175 175
192 196 168 169
192 194 155 157
192 195 108 110
192 194 85 87
192 200 77 77
192 200 73 73
192 193 65 68
192 196 32 33
192 193 13 18
192 194 7 9
191 199 246 246
191 196 195 196
191 199 194 194
191 192 190 193
191 194 181 182
191 193 146 148
191 196 141 142
191 192 137 140
191 194 131 132
191 193 128 130
191 192 121 124
191 199 102 102
191 196 71 72
190 193 249 250
190 199 238 238
190 192 219 221
190 194 188 189
190 193 164 166
190 191 155 158
190 192 125 127
190 193 118 120
190 194 94 95
190 199 76 76
190 191 65 68
190 199 50 50
190 192 27 29
190 191 21 24
190 191 7 10
189 190 114 117
189 192 98 99
189 192 53 54
188 196 201 201
188 197 170 170
188 189 164 168
188 189 155 158
188 192 150 151
188 191 108 110
188 197 104 104
188 193 89 90
188 197 88 88
188 192 78 79
188 189 37 40
187 197 247 247
187 197 227 227
187 190 223 224
187 189 219 221
187 198 202 202
187 196 184 184
187 192 171 172
187 188 138 142
187 188 114 118
187 194 92 92
187 191 86 87
187 194 80 80
187 194 34 34
187 194 30 30
187 189 27 29
187 192 3 4
186 188 241 244
186 189 236 238
186 188 231 233
186 193 216 216
186 194 197 197
186 187 193 196
186 191 177 178
186 195 176 176
186 195 174 174
186 189 161 162
186 187 155 160
186 194 143 143
186 187 121 124
186 188 81 83
186 189 75 76
186 197 58 58
186 197 48 48
186 187 37 40
186 193 20 20
185 189 188 189
185 193 163 163
185 196 134 134
185 189 126 127
185 186 114 118
185 188 53 54
185 193 35 35
185 193 31 31
185 186 27 30
184 189 249 250
184 185 241 244
184 195 214 214
184 193 180 180
184 185 164 168
184 191 144 144
184 185 121 124
184 187 108 110
184 191 106 106
184 194 97 97
184 195 96 96
184 187 88 90
184 193 70 70
184 194 63 63
184 193 62 62
184 193 56 56
184 194 47 47
184 187 11 12
183 192 210 210
183 187 200 201
183 185 193 195
183 193 91 91
183 185 81 83
183 187 78 79
183 186 59 60
183 186 8 10
182 190 248 248
182 183 241 244
182 191 228 228
182 187 217 218
182 185 181 182
182 185 176 178
182 184 147 149
182 184 138 141
182 183 121 124
182 184 114 117
182 189 74 74
182 193 52 52
182 193 36 36
182 193 26 26
182 192 1 1
181 188 239 239
181 185 236 237
181 188 230 230
181 191 199 199
181 185 196 197
181 190 190 190
181 186 171 172
181 183 134 137
181 188 128 128
181 184 118 120
181 185 94 95
181 191 77 77
181 191 73 73
181 190 46 46
181 183 37 39
181 183 11 13
180 183 249 250
180 185 231 232
180 182 219 221
180 191 198 198
180 181 121 124
180 184 98 99
180 185 75 76
180 187 24 24
180 185 17 18
180 185 15 16
179 190 246 246
179 186 224 224
179 187 213 213
179 186 184 184
179 190 154 154
179 181 115 117
179 183 62 63
179 182 59 60
179 184 53 54
179 183 40 41
179 190 2 2
178 179 241 244
178 179 219 222
178 183 191 192
178 181 181 182
178 185 174 174
178 179 147 152
178 180 135 137
178 181 129 130
178 189 112 112
178 180 108 111
178 187 104 104
178 186 101 101
178 189 100 100
178 187 84 84
178 180 66 69
178 183 55 56
178 189 50 50
178 185 48 48
178 180 37 39
178 179 15 18
178 180 11 13
178 186 7 7
177 186 247 247
177 178 175 178
177 180 156 158
177 184 146 146
177 185 107 107
177 180 94 96
177 187 25 25
176 177 241 246
176 180 236 237
176 179 231 232
176 186 223 223
176 177 219 222
176 185 216 216
176 178 193 195
176 177 188 192
176 183 180 180
176 187 170 170
176 184 155 155
176 177 125 130
176 178 115 117
176 178 81 83
176 183 70 70
176 185 58 58
176 186 51 51
176 178 29 31
176 177 15 18
175 180 171 172
175 185 103 103
175 183 93 93
175 186 86 86
175 186 80 80
175 178 59 60
175 177 37 39
175 186 34 34
174 175 241 244
174 185 238 238
174 182 225 225
174 183 214 214
174 178 200 201
174 182 131 131
174 175 127 130
174 177 122 124
174 177 111 112
174 177 108 110
174 181 102 102
174 175 66 70
174 183 42 42
174 178 40 41
174 181 36 36
174 175 15 20
174 185 6 6
173 180 239 239
173 175 219 221
173 184 162 162
173 177 152 153
173 181 105 105
173 183 47 47
173 182 10 10
173 176 3 4
173 181 1 1
172 175 231 232
172 181 218 218
172 173 195 198
172 177 181 182
172 177 165 166
172 183 144 144
172 173 108 112
172 183 106 106
172 180 77 77
172 179 52 52
172 174 37 39
171 175 245 246
171 175 236 237
171 180 230 230
171 178 224 224
171 180 186 186
171 174 138 140
171 174 75 76
170 172 219 221
170 178 203 203
170 180 179 179
170 171 147 150
170 177 104 104
170 173 94 96
170 174 88 89
170 177 48 48
170 173 40 42
170 173 18 20
169 174 227 228
169 180 212 212
169 170 191 194
169 176 146 146
169 180 134 134
169 173 124 125
169 173 98 99
169 173 84 85
169 172 72 74
169 172 63 64
169 171 54 57
169 180 46 46
169 171 37 39
169 171 32 35
169 170 21 24
168 175 216 216
168 178 207 207
168 176 205 205
168 171 170 172
168 176 163 163
168 172 152 153
168 178 87 87
168 173 79 80
168 178 53 53
168 168 11 19
167 168 225 228
167 174 168 168
167 177 143 143
167 177 137 137
167 172 135 136
167 176 132 132
167 169 128 131
167 171 100 101
167 175 83 83
167 170 75 76
167 175 51 51
167 171 44 45
167 170 25 26
167 168 20 24
167 167 11 19
167 177 7 7
166 176 247 247
166 170 236 237
166 177 234 234
166 177 202 202
166 168 196 199
166 169 188 190
166 177 174 174
166 177 164 164
166 175 126 126
166 174 93 93
166 169 88 90
166 175 82 82
166 168 63 65
166 174 59 59
166 173 36 36
166 168 32 35
166 166 14 21
166 177 2 2
165 166 225 228
165 166 209 212
165 172 204 204
165 175 185 185
165 168 138 140
165 173 133 133
165 173 127 127
165 168 118 120
165 172 114 114
165 167 79 81
165 167 69 71
165 166 54 58
165 167 29 31
165 166 23 26
165 165 14 21
165 172 10 10
164 171 218 218
164 175 180 180
164 171 144 144
164 166 141 143
164 166 134 137
164 168 124 125
164 168 108 109
164 164 14 21
164 166 4 7
163 165 219 221
163 173 217 217
163 170 186 186
163 165 170 173
163 164 147 150
163 167 112 113
163 174 60 60
163 164 54 58
163 164 29 32
163 171 27 27
163 164 23 26
162 169 242 242
162 164 239 241
162 164 227 229
162 165 163 164
162 171 106 106
162 173 102 102
162 165 88 90
162 164 79 81
162 164 69 71
162 169 28 28
161 168 250 250
161 164 225 226
161 168 206 206
161 169 179 179
161 166 165 166
161 165 154 155
161 162 148 152
161 169 145 145
161 161 134 141
161 162 54 58
161 164 37 38
161 163 4 7
160 162 219 221
160 161 198 202
160 162 193 195
160 167 178 178
160 170 175 175
160 165 157 158
160 160 134 145
160 163 94 96
160 165 49 50
160 162 11 13
160 169 8 8
159 168 243 243
159 170 224 224
159 163 222 223
159 164 213 214
159 167 205 205
159 163 196 197
159 162 182 184
159 166 168 168
159 162 160 162
159 168 146 146
159 159 137 145
159 163 124 125
159 168 110 110
159 161 79 81
159 162 72 74
159 160 54 58
159 160 14 18
158 165 247 247
158 161 241 242
158 161 163 164
158 165 126 126
158 162 98 99
158 165 68 68
158 160 43 45
158 162 40 41
158 160 4 7
157 159 219 221
157 166 208 208
157 159 187 189
157 164 114 114
157 159 94 97
157 158 54 58
157 164 10 10
157 167 3 3
156 165 234 234
156 157 198 202
156 164 167 167
156 160 154 155
156 159 135 136
156 158 129 131
156 158 119 121
156 164 105 105
156 164 103 103
156 158 88 91
156 166 83 83
156 165 76 76
156 163 66 66
156 159 34 36
155 163 235 235
155 160 225 226
155 164 204 204
155 162 186 186
155 162 170 170
155 165 93 93
155 166 92 92
155 158 72 74
155 156 55 58
155 158 16 18
154 162 217 217
154 162 173 173
154 158 124 125
154 161 102 102
154 156 94 97
154 165 78 78
154 158 48 49
154 165 42 42
154 155 34 38
154 162 27 27
154 158 14 15
154 157 5 6
153 157 246 247
153 162 232 232
153 155 228 231
153 158 213 214
153 160 176 176
153 155 152 155
153 155 119 121
153 155 115 117
153 162 60 60
153 154 55 58
152 157 241 242
152 163 218 218
152 161 212 212
152 160 179 179
152 155 160 162
152 154 156 159
152 156 148 149
152 162 113 113
152 160 101 101
152 153 34 38
152 161 28 28
152 155 11 12
152 162 9 9
152 159 8 8
151 162 238 238
151 152 228 232
151 155 194 195
151 162 192 192
151 155 182 183
151 155 174 175
151 155 150 151
151 152 142 146
151 158 118 118
151 155 108 109
151 153 88 91
151 159 77 77
151 156 69 70
151 162 52 52
151 158 46 46
150 152 213 215
150 158 205 205
150 158 177 177
150 152 152 155
150 158 137 137
150 155 135 136
150 160 123 123
150 161 106 106
150 157 98 98
150 158 75 75
150 158 51 51
150 157 40 40
150 151 24 28
150 153 5 6
149 160 250 250
149 154 225 226
149 152 222 224
149 160 206 206
149 150 188 192
149 152 163 164
149 151 156 159
149 150 142 146
149 153 124 125
149 158 110 110
149 160 100 100
149 157 99 99
149 151 94 97
149 152 60 62
149 153 48 49
148 155 184 184
148 159 180 180
148 157 126 126
148 150 88 91
148 158 81 81
148 151 72 74
148 152 32 33
147 149 200 203
147 148 188 192
147 155 105 105
147 157 87 87
147 157 79 79
147 150 77 78
147 149 55 57
147 149 51 53
146 156 248 248
146 151 241 242
146 157 138 138
146 153 102 102
146 148 95 97
146 154 93 93
146 148 29 31
145 156 208 208
145 146 189 192
145 154 186 186
145 152 176 176
145 148 145 146
145 148 99 100
145 148 84 86
145 153 59 59
145 156 54 54
145 155 43 43
144 152 247 247
144 151 212 212
144 146 201 203
144 146 159 161
144 152 131 131
144 147 129 130
144 147 81 82
144 146 51 53
144 155 22 22
143 147 236 237
143 145 224 227
143 153 217 217
143 154 170 170
143 146 167 168
143 146 156 158
143 147 148 149
143 150 134 134
143 151 113 113
143 154 92 92
143 145 69 71
143 147 44 45
143 154 20 20
142 145 241 242
142 151 218 218
142 150 197 197
142 150 185 185
142 145 142 144
142 145 137 138
142 153 112 112
142 151 104 104
142 149 80 80
142 149 58 58
142 152 47 47
142 151 12 12
141 148 250 250
141 152 246 246
141 150 228 228
141 144 191 192
141 149 181 181
141 144 174 176
141 144 139 140
141 143 129 131
141 143 119 121
141 144 84 86
141 144 73 74
141 142 16 20
140 144 230 231
140 148 219 219
140 144 186 187
140 147 184 184
140 143 159 160
140 147 126 126
140 148 117 117
140 144 106 107
140 143 81 82
140 142 69 71
140 149 40 40
140 148 39 39
140 149 28 28
139 150 238 238
139 148 222 222
139 142 213 214
139 149 177 177
139 148 110 110
139 141 95 97
139 140 51 54
139 143 32 33
139 141 29 31
139 140 17 20
138 141 241 242
138 142 148 149
138 145 136 136
138 140 119 121
138 146 87 87
138 146 37 37
137 145 248 248
137 140 233 234
137 146 216 216
137 140 210 212
137 145 209 209
137 146 188 188
137 148 178 178
137 146 166 166
137 144 100 100
137 145 93 93
137 146 38 38
136 144 221 221
136 140 194 195
136 139 159 160
136 144 155 155
136 139 152 154
136 144 127 127
136 147 114 114
136 145 102 102
136 146 79 79
136 143 72 72
136 144 59 59
136 144 43 43
136 144 41 41
136 139 39 40
136 138 18 21
136 147 14 14
136 146 13 13
135 143 247 247
135 140 203 204
135 145 171 171
135 142 170 170
135 137 167 169
135 138 142 144
135 140 111 112
135 146 94 94
135 146 78 78
135 140 73 74
135 139 48 49
134 144 243 243
134 137 241 242
134 142 217 217
134 144 183 183
134 138 124 125
134 141 104 104
134 144 99 99
134 135 86 90
134 142 55 55
134 135 51 54
134 141 12 12
134 142 3 3
133 142 200 200
133 141 193 193
133 144 180 180
133 135 152 155
133 137 148 149
133 136 137 138
133 138 115 116
133 135 39 41
133 135 7 9
132 139 239 239
132 136 236 237
132 140 227 227
132 133 209 212
132 135 201 202
132 139 184 184
132 140 181 181
132 141 132 132
132 136 130 131
132 142 113 113
132 140 109 109
132 141 58 58
132 141 46 46
132 133 29 32
131 142 232 232
131 134 203 204
131 139 187 187
131 141 179 179
131 133 123 125
131 139 117 117
131 140 92 92
131 141 91 91
131 134 77 78
131 132 69 72
131 135 66 67
131 133 25 27
130 135 191 192
130 135 159 160
130 132 152 155
130 135 127 128
130 135 101 102
130 133 47 48
130 139 36 36
130 135 33 34
130 132 7 9
130 137 4 4
129 140 250 250
129 139 231 231
129 136 216 216
129 139 207 207
129 132 198 200
129 138 196 196
129 136 188 188
129 134 167 168
129 132 137 138
129 129 119 127
129 131 111 113
129 130 88 92
129 137 75 75
129 134 73 74
129 133 64 65
129 138 42 42
128 139 230 230
128 131 201 202
128 138 177 177
128 130 169 171
128 132 142 143
128 137 136 136
128 135 84 84
128 131 81 82
128 135 68 68
128 129 53 56
128 129 7 10
127 135 221 221
127 134 178 178
127 136 166 166
127 130 139 140
127 128 124 128
127 138 110 110
127 136 100 100
127 130 69 70
127 136 38 38
127 135 21 21
127 130 13 14
126 131 237 238
126 129 159 160
126 128 119 121
126 130 66 67
126 134 57 57
126 127 53 56
126 129 15 16
126 127 7 10
125 130 245 246
125 132 222 222
125 132 218 218
125 128 209 210
125 130 203 204
125 128 198 200
125 136 186 186
125 126 161 166
125 126 95 98
125 130 71 72
125 129 62 63
125 126 30 34
124 133 158 158
124 127 147 148
124 128 122 123
124 128 88 89
124 132 83 83
124 127 81 82
124 134 49 49
124 131 46 46
124 133 12 12
123 128 231 232
123 131 227 227
123 128 211 212
123 130 190 190
123 131 181 181
123 128 167 168
123 124 162 166
123 127 154 155
123 125 119 121
123 130 50 50
123 124 30 34
123 132 22 22
123 126 13 14
123 128 5 6
122 131 239 239
122 133 220 220
122 131 174 174
122 125 159 160
122 125 130 132
122 133 104 104
122 129 102 102
122 125 90 92
122 125 53 54
122 129 36 36
122 130 17 17
122 125 15 16
122 123 7 12
122 129 4 4
121 128 250 250
121 126 233 234
121 124 199 200
121 124 191 192
121 125 184 185
121 131 109 109
121 126 107 108
121 129 101 101
121 124 96 98
121 123 86 89
121 123 81 83
121 132 24 24
121 124 18 20
120 124 245 246
120 125 237 238
120 129 208 208
120 130 179 179
120 129 172 172
120 123 147 148
120 122 119 121
120 124 62 63
120 121 7 12
120 131 2 2
119 130 247 247
119 123 224 225
119 122 205 206
119 120 191 194
119 127 177 177
119 124 135 136
119 127 111 111
119 122 105 106
119 126 100 100
119 123 60 61
119 128 42 42
119 121 15 17
118 126 248 248
118 120 233 235
118 121 197 198
118 122 162 163
118 121 159 160
118 122 154 155
118 126 127 127
118 121 125 126
118 122 112 113
118 120 81 83
118 121 69 70
118 119 53 56
118 121 35 36
118 119 7 12
117 125 244 244
117 122 231 232
117 124 222 222
117 128 216 216
117 122 201 202
117 120 199 200
117 128 196 196
117 124 186 186
117 121 152 153
117 126 144 144
117 125 85 85
117 128 64 64
117 126 44 44
117 125 37 37
117 120 19 20
117 122 5 6
116 127 226 226
116 118 211 213
116 124 209 209
116 126 189 189
116 120 184 185
116 119 175 176
116 124 157 157
116 118 131 133
116 117 125 128
116 118 91 93
116 119 78 80
116 118 71 73
116 123 46 46
115 119 245 246
115 116 241 244
115 124 210 210
115 116 199 202
115 126 178 178
115 117 120 123
115 118 23 24
115 122 14 14
115 117 7 9
114 125 182 182
114 122 181 181
114 117 159 160
114 124 149 149
114 119 147 148
114 115 131 134
114 115 125 128
114 117 116 118
114 125 110 110
114 116 107 109
114 121 102 102
114 125 76 76
114 118 60 61
114 116 39 41
114 117 35 36
114 115 15 18
114 121 4 4
113 114 241 244
113 124 218 218
113 123 217 217
113 118 205 206
113 114 199 204
113 118 193 194
113 122 190 190
113 123 183 183
113 114 165 168
113 117 154 155
113 118 89 90
113 121 1 1
112 113 233 236
112 120 223 223
112 117 197 198
112 123 180 180
112 123 156 156
112 114 112 115
112 116 84 85
112 115 78 80
112 117 69 70
112 113 15 18
112 114 7 9
111 114 245 246
111 112 241 244
111 115 184 185
111 112 165 168
111 113 147 149
111 122 58 58
111 118 42 42
111 113 39 41
111 116 33 34
111 122 30 30
111 118 2 2
110 121 239 239
110 121 220 220
110 118 207 207
110 113 191 192
110 118 187 187
110 118 177 177
110 115 175 176
110 112 121 123
110 121 104 104
110 117 38 38
110 113 35 36
110 112 19 21
109 120 250 250
109 117 248 248
109 113 228 229
109 120 214 214
109 117 169 169
109 110 165 168
109 118 130 130
109 117 99 99
109 112 89 90
109 117 53 53
109 111 7 9
109 117 3 3
108 115 226 226
108 112 194 195
108 117 146 146
108 115 142 142
108 116 139 139
108 118 111 111
108 116 95 95
108 111 69 70
108 116 5 5
107 118 247 247
107 115 240 240
107 109 237 239
107 108 233 236
107 112 217 218
107 114 210 210
107 116 196 196
107 108 166 170
107 114 158 158
107 116 150 150
107 110 147 148
107 110 131 132
107 108 126 130
107 116 124 124
107 109 121 123
107 110 108 110
107 118 100 100
107 111 78 79
107 118 68 68
107 115 59 59
107 111 50 51
107 117 43 43
107 110 26 28
107 114 14 14
107 109 10 13
107 116 6 6
106 110 241 242
106 116 231 231
106 111 197 198
106 109 191 192
106 113 162 162
106 113 116 116
106 115 86 86
106 107 54 58
106 109 35 36
106 109 23 24
105 116 232 232
105 114 230 230
105 106 199 202
105 112 190 190
105 108 181 182
105 106 166 170
105 106 147 150
105 116 144 144
105 116 140 140
105 110 133 134
105 106 129 132
105 112 94 94
105 113 81 81
105 110 33 34
104 105 238 242
104 109 215 216
104 107 211 212
104 112 155 155
104 108 90 91
104 113 76 76
104 107 63 64
104 105 54 58
104 109 47 48
103 106 217 218
103 110 208 208
103 107 206 207
103 112 174 174
103 104 166 170
103 113 163 163
103 107 156 157
103 112 138 138
103 104 129 134
103 106 126 128
103 112 120 120
103 113 117 117
103 104 96 100
103 110 88 88
103 104 39 42
103 106 26 28
102 107 245 246
102 103 241 244
102 105 197 198
102 106 184 185
102 110 125 125
102 103 121 124
102 109 106 106
102 110 87 87
102 112 75 75
102 112 71 71
102 107 69 70
102 103 54 58
102 113 22 22
101 104 228 230
101 111 219 219
101 109 175 175
101 102 171 174
101 105 92 93
101 111 85 85
101 104 7 8
100 108 248 248
100 103 238 240
100 107 226 226
100 105 191 192
100 111 178 178
100 102 166 169
100 107 142 142
100 102 126 129
100 103 108 110
100 109 104 104
100 109 72 72
100 107 66 66
100 101 54 58
100 103 47 48
100 101 19 22
99 101 244 246
99 102 213 214
99 106 210 210
99 107 139 139
99 102 133 134
99 102 130 132
99 101 121 123
99 107 95 95
99 107 67 67
99 102 10 12
99 106 6 6
98 103 211 212
98 101 197 198
98 107 146 146
98 103 135 136
98 105 116 116
98 102 100 101
98 99 54 58
98 102 50 51
98 106 43 43
98 107 30 30
98 108 3 3
97 105 237 237
97 106 224 224
97 101 204 205
97 106 196 196
97 104 190 190
97 99 166 169
97 104 148 148
97 107 111 111
97 104 46 46
97 106 32 32
96 98 244 246
96 105 236 236
96 106 227 227
96 104 193 193
96 99 191 192
96 99 181 182
96 99 176 178
96 97 171 174
96 98 130 133
96 99 103 104
96 100 92 93
96 104 81 81
96 100 78 79
96 103 76 76
96 101 69 70
96 105 62 62
96 106 59 59
96 97 54 58
96 99 47 48
95 103 209 209
95 102 206 206
95 100 199 200
95 105 189 189
95 102 160 160
95 106 158 158
95 105 137 137
95 98 121 122
95 100 35 36
95 97 26 29
95 105 17 17
95 100 15 16
94 105 247 247
94 104 183 183
94 95 171 174
94 96 167 169
94 102 163 163
94 98 150 151
94 97 114 116
94 96 109 111
94 105 68 68
94 95 19 22
94 101 2 2
93 102 250 250
93 95 244 246
93 95 191 193
93 97 184 185
93 96 164 166
93 104 102 102
93 97 100 101
93 98 95 96
93 101 75 75
93 100 52 52
93 101 49 49
92 103 232 232
92 99 230 230
92 100 219 219
92 97 217 218
92 103 216 216
92 97 211 212
92 97 207 208
92 96 204 205
92 100 201 201
92 95 181 182
92 95 177 178
92 93 171 174
92 99 142 142
92 94 135 137
92 102 99 99
92 99 90 90
92 93 56 60
92 94 26 29
92 94 15 17
91 99 248 248
91 95 238 239
91 94 126 128
91 102 120 120
91 102 112 112
91 93 109 111
91 101 25 25
91 98 6 6
90 98 203 203
90 101 188 188
90 100 175 175
90 91 171 174
90 98 159 159
90 98 145 145
90 98 143 143
90 99 140 140
90 95 69 70
90 97 30 30
89 99 240 240
89 97 233 233
89 96 222 222
89 94 199 200
89 100 180 180
89 100 156 156
89 99 149 149
89 96 148 148
89 91 135 137
89 96 108 108
89 91 59 61
89 97 43 43
89 96 32 32
89 100 18 18
89 97 3 3
88 96 237 237
88 98 223 223
88 91 207 208
88 92 184 185
88 92 164 165
88 97 146 146
88 96 129 129
88 93 115 116
88 90 109 111
88 98 105 105
88 92 100 101
88 95 76 76
88 90 64 67
88 91 56 58
88 99 42 42
87 97 235 235
87 91 204 205
87 98 202 202
87 92 197 198
87 96 196 196
87 95 195 195
87 89 167 169
87 96 162 162
87 94 160 160
87 98 152 152
87 97 141 141
87 91 124 125
87 97 107 107
87 90 84 86
87 96 82 82
87 98 38 38
87 95 7 7
86 90 238 239
86 88 191 193
86 91 181 182
86 93 150 150
86 93 94 94
86 94 89 89
86 95 62 62
86 88 59 61
86 89 29 30
86 95 8 8
85 96 186 186
85 92 166 166
85 94 158 158
85 95 81 81
85 87 64 67
85 92 52 52
85 94 48 48
85 96 46 46
85 96 24 24
85 89 10 11
85 93 1 1
84 91 230 230
84 94 209 209
84 87 207 208
84 95 176 176
84 86 167 169
84 88 148 149
84 87 109 110
84 94 97 97
84 91 90 90
84 93 74 74
84 87 57 58
84 87 21 22
84 87 18 20
83 88 244 245
83 94 234 234
83 86 211 212
83 94 206 206
83 93 163 163
83 86 160 162
83 92 154 154
83 90 134 134
83 91 113 113
83 91 99 99
83 94 98 98
83 88 43 44
83 87 16 17
82 86 228 229
82 87 223 224
82 83 173 176
82 83 167 170
82 84 135 137
82 92 117 117
82 87 115 116
82 85 92 94
82 93 68 68
82 84 65 67
82 87 55 56
82 87 39 40
82 86 26 27
81 85 238 239
81 89 217 217
81 83 207 209
81 89 179 179
81 90 120 120
81 89 119 119
81 92 114 114
81 92 106 106
81 88 102 102
81 92 96 96
81 89 95 95
81 82 59 62
81 90 34 34
80 82 211 213
80 87 184 184
80 85 181 182
80 87 180 180
80 90 157 157
80 84 132 133
80 91 88 88
80 87 54 54
80 84 10 11
79 89 231 231
79 88 226 226
79 89 203 203
79 89 145 145
79 86 144 144
79 81 135 137
79 83 100 101
79 81 65 67
79 87 41 41
78 86 235 235
78 88 233 233
78 87 216 216
78 89 214 214
78 83 199 200
78 85 150 150
78 89 140 140
78 80 118 121
78 82 98 99
78 79 77 80
78 83 57 58
77 81 228 229
77 88 222 222
77 85 193 193
77 81 164 165
77 84 158 158
77 88 156 156
77 84 152 152
77 87 129 129
77 88 108 108
77 87 15 15
76 87 190 190
76 86 141 141
76 86 139 139
76 78 135 137
76 77 115 120
76 80 102 103
76 83 90 90
76 76 71 81
76 78 65 67
76 81 55 56
76 81 39 40
76 85 8 8
75 85 227 227
75 86 202 202
75 79 196 197
75 79 186 187
75 77 180 183
75 77 173 175
75 84 166 166
75 79 132 133
75 83 97 97
75 85 89 89
75 82 50 50
75 86 28 28
75 84 24 24
75 77 21 23
75 79 18 19
75 78 12 14
74 81 232 232
74 83 198 198
74 81 170 170
74 78 124 125
74 82 113 113
74 75 71 76
74 77 69 70
74 82 17 17
74 84 1 1
73 83 225 225
73 81 167 167
73 74 161 166
73 83 151 151
73 82 138 138
73 75 135 137
73 77 130 131
73 84 122 122
73 77 98 99
73 75 77 79
73 84 64 64
73 74 21 24
73 83 5 5
73 82 2 2
72 79 246 246
72 80 244 244
72 83 218 218
72 80 217 217
72 77 215 216
72 80 209 209
72 75 207 208
72 79 184 184
72 75 177 178
72 83 172 172
72 75 126 128
72 73 115 118
72 74 85 87
72 77 43 44
72 79 32 32
72 81 6 6
72 81 4 4
71 73 240 242
71 78 194 194
71 81 159 159
71 75 146 147
71 79 143 143
71 82 134 134
71 75 102 103
71 81 83 83
71 75 80 81
71 72 61 64
71 78 48 48
71 75 10 11
70 74 238 239
70 77 214 214
70 74 204 205
70 74 196 197
70 71 180 184
70 70 162 169
70 78 145 145
70 79 96 96
70 79 68 68
70 79 54 54
70 78 37 37
70 74 18 19
69 77 235 235
69 78 226 226
69 71 215 217
69 71 207 209
69 79 157 157
69 76 152 152
69 78 144 144
69 80 142 142
69 73 124 125
69 76 108 108
69 80 106 106
69 70 61 64
69 71 31 33
68 72 228 229
68 71 177 178
68 70 173 175
68 73 155 156
68 69 135 138
68 71 121 122
68 79 114 114
68 77 82 82
68 78 49 49
68 75 40 40
68 76 9 9
67 77 233 233
67 78 210 210
67 72 199 200
67 69 183 185
67 71 140 141
67 78 112 112
67 74 104 104
67 76 84 84
67 69 74 77
67 68 61 64
67 75 29 29
66 73 243 243
66 69 181 182
66 67 135 138
66 73 110 110
66 76 91 91
66 75 8 8
65 69 238 239
65 74 230 230
65 67 211 213
65 69 204 205
65 69 196 197
65 67 65 67
65 76 42 42
65 69 34 35
65 69 18 19
65 73 1 1
64 66 240 242
64 75 236 236
64 71 234 234
64 73 232 232
64 71 222 222
64 71 218 218
64 68 186 187
64 75 176 176
64 67 105 106
64 66 92 95
64 68 78 79
64 68 70 71
64 75 52 52
64 66 21 23
64 71 4 4
63 70 194 194
63 68 149 150
63 74 132 132
63 71 43 43
63 73 17 17
62 71 246 246
62 69 214 214
62 64 211 213
62 66 200 201
62 70 189 189
62 66 184 185
62 70 179 179
62 72 151 151
62 67 121 122
62 65 118 120
62 69 96 96
62 66 80 81
62 64 74 77
62 72 69 69
62 69 68 68
62 71 6 6
62 72 5 5
61 70 250 250
61 63 240 242
61 68 148 148
61 69 145 145
61 72 60 60
61 72 2 2
60 67 247 247
60 63 215 216
60 61 211 214
60 68 203 203
60 64 196 197
60 71 188 188
60 65 181 182
60 67 178 178
60 64 124 125
60 70 107 107
60 63 105 106
60 69 54 54
60 69 26 26
59 68 226 226
59 67 173 173
59 62 171 172
59 69 163 163
59 66 156 156
59 59 118 125
59 66 112 112
59 61 75 77
59 63 62 63
59 70 36 36
59 68 28 28
59 68 16 16
58 63 175 176
58 67 158 158
58 62 128 129
58 58 120 127
58 59 105 108
58 67 82 82
58 66 29 29
57 65 243 243
57 60 220 222
57 59 211 213
57 61 200 201
57 57 120 129
57 68 98 98
57 65 91 91
57 58 75 78
57 61 68 69
57 61 46 47
56 63 234 234
56 63 218 218
56 59 214 216
56 67 142 142
56 56 120 131
56 59 101 102
56 60 88 89
55 59 236 237
55 59 196 197
55 64 192 192
55 57 175 177
55 62 150 150
55 63 135 135
55 65 117 117
55 59 110 111
55 66 84 84
55 63 79 79
55 62 72 72
55 60 55 56
54 64 239 239
54 63 232 232
54 55 214 218
54 65 210 210
54 62 183 183
54 65 160 160
54 58 146 147
54 56 139 141
54 58 118 119
54 61 96 96
54 63 64 64
54 58 62 63
54 65 50 50
54 56 45 47
54 63 4 4
53 57 184 185
53 60 180 180
53 60 116 116
53 63 115 115
53 57 80 81
53 63 49 49
53 56 42 44
53 54 32 36
52 60 248 248
52 63 238 238
52 62 231 231
52 55 229 230
52 62 219 219
52 53 215 218
52 63 190 190
52 54 175 177
52 60 145 145
52 54 132 135
52 62 97 97
52 55 88 90
52 61 74 74
52 54 67 69
52 63 48 48
52 60 39 39
52 60 31 31
52 62 25 25
52 56 18 19
51 59 247 247
51 62 198 198
51 61 189 189
51 54 181 182
51 52 123 126
51 58 112 112
51 53 93 95
51 59 51 51
51 61 37 37
51 52 32 36
51 58 28 28
51 55 26 27
51 60 8 8
50 61 246 246
50 58 233 233
50 52 207 209
50 54 196 197
50 59 178 178
50 53 164 166
50 58 159 159
50 59 152 152
50 55 137 138
50 51 132 136
50 50 123 131
50 55 101 102
50 54 86 87
50 59 60 60
50 54 22 23
50 54 10 11
50 57 2 2
49 60 250 250
49 51 229 231
49 60 202 202
49 51 175 177
49 51 106 109
49 53 70 71
49 51 67 69
49 54 55 56
49 56 40 40
49 58 20 20
49 59 9 9
48 52 200 201
48 52 184 185
48 49 123 126
48 50 93 95
48 56 85 85
48 50 32 35
48 59 24 24
48 51 5 6
48 58 3 3
47 50 236 238
47 49 224 227
47 49 207 209
47 54 192 192
47 50 186 188
47 50 181 182
47 52 173 174
47 50 110 112
47 54 72 72
47 56 30 30
47 51 18 19
46 53 239 239
46 56 235 235
46 55 234 234
46 48 211 213
46 48 175 177
46 49 146 148
46 57 144 144
46 48 106 109
46 55 104 104
46 53 96 96
46 53 92 92
46 48 88 91
46 53 52 52
46 49 42 44
46 50 36 37
46 53 4 4
45 46 224 228
45 47 218 221
45 55 195 195
45 52 172 172
45 47 169 171
45 46 164 168
45 49 156 157
45 53 141 141
45 48 139 140
45 48 132 134
45 49 86 87
45 47 26 29
45 49 22 23
45 52 16 16
45 49 10 11
44 44 224 231
44 48 120 121
44 55 98 98
44 45 88 92
44 46 67 69
44 48 20 21
43 50 247 247
43 53 240 240
43 46 236 238
43 43 224 231
43 46 186 188
43 45 175 177
43 54 150 150
43 44 128 132
43 44 62 66
43 45 55 57
43 53 47 47
43 48 45 46
43 51 25 25
42 53 222 222
42 44 219 221
42 53 210 210
42 45 204 206
42 47 193 194
42 44 168 171
42 44 165 167
42 50 153 153
42 50 149 149
42 43 88 92
42 50 83 83
42 49 60 60
42 49 38 38
42 44 26 29
41 51 248 248
41 43 215 217
41 50 198 198
41 46 173 174
41 52 160 160
41 49 159 159
41 45 146 147
41 42 128 132
41 43 118 121
41 43 110 113
41 50 100 100
41 45 36 37
41 45 32 33
41 50 8 8
40 41 228 232
40 41 219 222
40 51 190 190
40 50 189 189
40 49 178 178
40 42 175 177
40 44 156 157
40 51 154 154
40 49 152 152
40 43 135 136
40 41 88 92
40 51 74 74
40 42 62 65
40 50 41 41
40 48 9 9
39 41 168 171
39 41 149 151
39 43 126 127
39 40 118 122
39 47 115 115
39 43 94 95
39 48 58 58
39 42 55 56
39 46 30 30
39 41 27 29
39 46 18 18
39 47 3 3
38 40 243 245
38 40 215 217
38 48 191 191
38 49 142 142
38 43 137 138
38 40 130 133
38 49 114 114
38 40 110 113
38 40 49 51
37 48 246 246
37 44 242 242
37 41 234 235
37 39 231 233
37 41 226 227
37 41 224 225
37 44 172 172
37 44 134 134
37 39 107 109
37 44 102 102
37 46 70 70
37 39 67 69
37 39 62 65
37 38 55 58
37 38 27 30
36 45 239 239
36 39 237 238
36 39 200 202
36 44 195 195
36 41 193 194
36 38 184 187
36 38 181 183
36 46 161 161
36 40 128 129
36 37 110 114
36 45 104 104
36 45 96 96
36 41 83 84
36 44 79 79
36 47 24 24
36 40 22 23
36 39 12 14
35 37 243 245
35 37 215 217
35 39 178 179
35 39 176 177
35 40 173 174
35 36 169 172
35 37 165 167
35 37 130 133
35 46 72 72
35 42 66 66
35 37 49 51
35 36 27 30
35 43 21 21
34 42 247 247
34 36 219 221
34 44 211 211
34 41 210 210
34 42 209 209
34 35 185 190
34 43 180 180
34 38 140 141
34 38 126 127
34 37 123 124
34 44 101 101
34 38 94 95
34 38 86 87
34 42 73 73
34 45 54 54
34 41 26 26
33 35 237 239
33 40 198 198
33 35 193 195
33 34 170 174
33 35 159 161
33 41 153 153
33 35 110 113
33 36 89 90
33 34 49 52
32 34 215 217
32 33 185 188
32 34 176 179
32 34 149 151
32 43 106 106
32 41 60 60
32 41 38 38
32 42 17 17
32 33 12 16
32 37 5 6
31 34 243 245
31 33 219 221
31 42 214 214
31 33 209 211
31 36 107 108
30 32 237 239
30 32 193 195
30 33 189 190
30 31 185 188
30 34 162 163
30 32 159 161
30 37 142 142
30 33 123 124
30 33 114 116
30 38 103 103
30 32 89 91
30 32 51 53
30 34 36 37
30 31 27 30
30 31 5 8
30 35 1 2
29 31 215 217
29 37 191 191
29 36 168 168
29 40 144 144
29 34 135 136
29 36 102 102
29 40 100 100
29 33 94 95
29 37 43 43
29 37 35 35
28 30 243 245
28 39 236 236
28 32 226 227
28 30 219 221
28 30 209 211
28 39 196 196
28 32 170 171
28 30 165 167
28 37 158 158
28 39 152 152
28 35 96 96
28 39 74 74
28 32 62 63
28 38 61 61
28 36 55 55
28 29 51 54
28 29 27 30
28 36 19 19
28 29 5 8
27 36 242 242
27 30 175 176
27 29 161 163
27 30 146 148
27 32 137 138
27 31 128 129
27 36 88 88
27 34 72 72
27 29 68 71
27 32 49 50
27 36 44 44
27 38 18 18
27 29 15 17
26 34 240 240
26 30 224 225
26 28 215 217
26 34 203 203
26 29 201 202
26 29 193 194
26 34 169 169
26 27 149 152
26 34 139 139
26 35 104 104
26 30 80 81
26 34 21 21
26 30 10 11
25 28 248 249
25 33 231 231
25 34 212 212
25 27 209 211
25 26 205 208
25 26 183 186
25 26 172 176
25 27 165 167
25 35 145 145
25 29 120 121
25 26 111 116
25 26 69 72
25 34 66 66
25 27 61 63
25 36 56 56
24 33 247 247
24 27 232 234
24 27 156 158
24 33 126 126
24 28 118 119
24 34 45 45
24 31 38 38
24 27 32 34
24 33 26 26
24 26 22 25
24 27 19 20
24 29 1 2
23 25 243 245
23 25 237 239
23 25 215 217
23 26 187 188
23 24 183 186
23 28 135 136
23 28 131 132
23 24 111 116
23 31 93 93
23 33 73 73
23 24 69 72
23 26 49 50
23 31 31 31
23 27 28 29
22 25 151 152
22 26 64 65
22 23 51 56
22 31 48 48
22 32 47 47
22 31 46 46
22 26 40 41
22 23 22 26
22 23 1 4
21 25 220 221
21 23 196 199
21 29 195 195
21 23 189 191
21 22 183 188
21 31 177 177
21 24 122 124
21 22 111 114
21 24 106 108
21 28 102 102
21 25 80 81
21 23 43 45
21 26 15 16
20 22 243 245
20 22 215 217
20 21 210 214
20 23 206 208
20 24 174 175
20 24 172 173
20 23 140 142
20 24 120 121
20 20 28 35
20 21 22 26
20 21 1 4
19 26 204 204
19 21 201 203
19 20 146 150
19 27 133 133
19 22 115 116
19 26 110 110
19 29 103 103
19 23 82 83
19 23 12 13
19 20 7 10
18 19 222 226
18 20 197 199
18 25 144 144
18 23 99 100
18 20 61 63
18 20 43 45
18 19 22 26
18 19 1 4
17 26 242 242
17 20 240 241
17 19 172 175
17 28 168 168
17 19 157 159
17 20 106 108
17 19 72 75
17 22 49 50
17 25 21 21
16 19 248 249
16 25 246 246
16 19 243 245
16 18 201 203
16 17 197 200
16 23 192 192
16 21 151 152
16 21 137 138
16 23 126 126
16 18 115 117
16 17 91 96
16 20 80 81
16 19 76 78
16 25 68 68
16 19 52 54
16 23 42 42
16 17 1 4
15 17 225 227
15 17 214 217
15 23 205 205
15 18 181 182
15 23 179 179
15 18 148 150
15 16 127 130
15 22 60 60
15 17 43 45
14 21 250 250
14 16 240 242
14 16 228 231
14 17 222 224
14 19 219 220
14 15 188 192
14 23 176 176
14 16 172 175
14 16 157 159
14 18 146 147
14 25 134 134
14 15 121 126
14 24 109 109
14 25 104 104
14 15 84 88
14 18 82 83
14 16 72 75
14 23 20 20
14 15 7 10
13 23 247 247
13 14 214 218
13 16 206 208
13 14 193 196
13 14 162 166
13 22 154 154
13 15 137 139
13 16 57 58
13 16 49 50
13 22 36 36
13 15 33 35
13 17 26 27
13 15 22 25
13 16 15 16
12 14 237 239
12 15 232 234
12 15 177 178
12 13 172 176
12 17 131 132
12 14 127 129
12 17 113 114
12 20 89 89
12 13 83 88
12 15 52 54
12 23 38 38
12 23 6 6
11 12 243 247
11 12 214 218
11 13 211 213
11 11 193 203
11 22 180 180
11 15 168 169
11 14 118 120
11 13 106 109
11 15 80 81
11 13 63 65
11 18 46 46
11 21 37 37
11 12 33 36
11 16 17 18
11 13 9 11
10 13 240 241
10 20 221 221
10 13 219 220
10 11 172 176
10 17 170 170
10 10 162 169
10 17 144 144
10 12 141 143
10 12 137 139
10 18 133 133
10 11 127 132
10 18 103 103
10 11 97 102
10 12 77 79
10 11 72 76
10 12 49 51
10 15 31 32
10 11 1 6
9 10 229 234
9 9 214 221
9 10 183 186
9 14 155 156
9 12 153 154
9 11 122 125
9 11 83 85
9 19 39 39
9 10 33 38
9 12 15 16
8 10 247 249
8 8 214 221
8 10 201 203
8 9 196 200
8 9 172 176
8 11 148 150
8 10 118 121
8 10 106 109
8 9 86 90
8 15 66 66
8 10 63 65
8 13 47 48
8 8 32 39
8 8 23 31
8 10 17 19
8 9 1 6
7 16 236 236
7 9 211 213
7 17 171 171
7 8 153 156
7 16 140 140
7 9 137 139
7 7 113 121
7 11 94 95
7 7 86 93
7 9 72 75
7 7 33 41
7 16 14 14
6 14 205 205
6 7 200 204
6 11 177 178
6 7 172 176
6 6 162 171
6 7 146 150
6 6 137 145
6 6 127 135
6 17 112 112
6 7 106 110
6 15 96 96
6 6 86 95
6 10 80 81
6 6 71 79
6 8 57 59
6 7 43 48
6 6 23 33
6 8 7 9
6 7 1 6
5 7 247 249
5 6 231 236
5 8 229 230
5 10 227 228
5 5 127 135
5 6 113 116
5 5 71 81
5 13 67 67
5 5 34 43
5 5 23 33
5 7 17 19
5 6 10 14
5 5 1 9
4 13 242 242
4 9 240 241
4 4 217 225
4 7 188 190
4 14 179 179
4 5 174 178
4 4 152 161
4 4 142 151
4 15 68 68
4 5 57 60
4 4 36 47
4 4 27 35
3 3 217 225
3 14 210 210
3 3 200 209
3 3 170 179
3 3 151 161
3 3 78 85
3 8 69 70
3 3 45 53
3 3 27 35
3 10 22 22
3 4 1 4
2 2 229 237
2 7 215 216
2 3 211 214
2 3 188 192
2 9 182 182
2 2 170 179
2 2 90 99
2 2 78 89
2 2 44 51
2 2 36 43
1 1 233 241
1 2 217 220
1 1 200 207
1 1 188 199
1 1 118 127
1 1 109 117
1 1 88 97
1 1 78 87
1 1 68 77
1 1 57 67
1 1 36 45
1 2 27 30
1 1 1 8
1 1 9 18
1 1 19 26
1 2 31 35
1 1 46 56
1 1 98 108
1 1 128 136
1 1 137 144
1 1 145 152
1 1 153 164
1 1 165 172
1 1 173 182
1 2 183 187
1 1 208 216
1 1 221 232
1 1 242 250
2 2 1 10
2 2 11 22
2 4 23 26
2 2 52 62
2 2 63 70
2 3 72 77
2 2 100 108
2 2 109 116
2 2 117 126
2 3 127 131
2 2 132 142
2 2 143 154
2 2 155 164
2 3 165 169
2 5 180 181
2 5 193 195
2 7 196 197
2 7 198 199
2 2 200 210
2 2 221 228
2 2 238 246
2 4 247 250
3 3 5 16
3 4 17 21
3 3 36 44
3 3 54 62
3 4 63 67
3 3 86 96
3 3 97 104
3 3 105 112
3 3 113 120
3 4 121 125
3 13 126 126
3 3 132 142
3 3 143 150
3 5 162 164
3 4 183 187
3 3 226 234
3 3 235 242
3 5 243 246
4 4 5 14
4 8 15 16
4 4 48 56
4 8 61 62
4 4 71 82
4 4 83 90
4 4 91 102
4 4 103 112
4 4 113 120
4 4 127 136
4 5 137 141
4 5 165 169
4 5 170 173
4 8 191 192
4 5 200 205
4 6 206 208
4 11 209 209
4 6 211 214
4 4 226 236
4 7 237 239
5 13 20 20
5 16 21 21
5 5 44 54
5 9 55 56
5 7 63 66
5 13 82 82
5 8 83 85
5 5 86 96
5 6 97 101
5 5 102 112
5 6 117 121
5 6 122 125
5 13 136 136
5 5 142 152
5 6 153 157
5 7 158 160
5 16 161 161
5 6 183 187
5 5 217 224
5 9 225 226
5 13 250 250
6 6 34 42
6 9 49 51
6 8 52 54
6 14 60 60
6 9 102 103
6 11 104 105
6 17 111 111
6 10 151 152
6 9 180 181
6 9 193 195
6 7 218 223
6 8 243 246
7 10 10 11
7 12 12 13
7 7 23 32
7 15 42 42
7 9 76 78
7 9 97 100
7 8 122 125
7 7 127 134
7 14 135 135
7 9 141 144
7 14 145 145
7 7 162 170
7 8 183 187
7 9 206 208
7 8 231 235
8 11 40 41
8 10 43 46
8 19 71 71
8 11 91 93
8 18 110 110
8 9 113 117
8 8 127 134
8 13 146 147
8 10 157 160
8 8 162 170
8 10 188 190
8 18 204 204
8 10 222 224
8 11 237 239
9 13 7 8
9 9 23 32
9 11 52 54
9 12 57 59
9 13 61 62
9 13 69 70
9 9 127 134
9 9 162 170
9 18 187 187
9 13 191 192
9 20 235 235
9 10 243 246
10 10 23 30
10 14 55 56
10 11 86 89
10 18 90 90
10 11 113 117
10 14 181 182
10 10 193 200
10 12 206 208
10 10 211 218
10 14 225 226
11 12 22 27
11 13 28 30
11 14 43 45
11 15 151 152
11 13 157 160
11 12 162 167
11 13 183 186
11 13 188 190
11 13 222 224
11 11 227 234
11 15 248 249
12 13 1 5
12 23 19 19
12 17 40 41
12 13 72 75
12 13 91 95
12 13 97 101
12 20 102 102
12 21 105 105
12 15 115 117
12 13 121 125
12 14 148 150
12 12 193 200
12 15 201 203
12 21 209 209
12 13 227 231
13 18 12 13
13 20 51 51
13 20 59 59
13 15 76 78
13 16 141 143
13 20 153 153
13 24 167 167
13 15 197 200
13 15 243 246
14 15 1 5
14 23 11 11
14 19 28 29
14 18 47 48
14 15 61 65
14 21 67 67
14 18 69 70
14 15 91 95
14 17 97 99
14 17 100 101
14 16 106 108
14 22 136 136
14 24 160 160
14 16 183 186
14 17 211 213
15 19 55 56
15 17 118 120
15 24 145 145
15 19 155 156
15 17 162 164
15 19 165 166
15 17 193 196
15 23 218 218
15 18 237 239
16 25 5 5
16 18 7 10
16 17 22 25
16 17 30 33
16 19 34 35
16 17 61 65
16 24 66 66
16 27 79 79
16 21 84 85
16 19 86 87
16 26 88 88
16 17 121 125
16 25 139 139
16 25 169 169
16 20 177 178
16 17 188 191
16 20 233 234
17 19 14 16
17 21 17 18
17 21 57 58
17 20 127 129
17 27 130 130
17 19 140 142
17 26 161 161
17 19 183 186
17 19 206 208
17 19 228 230
17 24 231 231
17 27 236 236
18 27 27 27
18 19 30 33
18 21 40 41
18 21 64 65
18 18 91 98
18 25 101 101
18 20 111 114
18 19 118 121
18 20 122 124
18 27 125 125
18 22 131 132
18 20 162 164
18 21 170 171
18 19 188 191
18 20 193 196
18 26 200 200
18 19 210 213
18 19 214 217
19 21 46 48
19 20 90 93
19 24 94 95
19 27 96 96
19 23 97 98
19 30 143 143
19 23 181 182
19 22 237 239
20 28 14 14
20 27 39 39
20 21 52 55
20 20 69 76
20 24 77 78
20 23 86 87
20 23 117 119
20 21 155 159
20 24 165 166
20 20 183 190
20 27 219 219
20 21 222 227
20 23 228 229
20 30 230 230
20 24 248 249
21 23 7 10
21 22 28 31
21 23 32 34
21 28 35 35
21 28 59 59
21 24 61 63
21 22 69 73
21 26 74 75
21 29 76 76
21 22 89 93
21 26 128 129
21 23 146 148
21 25 149 150
21 32 153 153
21 23 162 164
21 31 178 178
21 25 193 194
21 23 232 234
21 28 235 235
21 25 240 241
22 26 17 18
22 29 37 37
22 26 57 58
22 31 67 67
22 31 85 85
22 29 105 105
22 33 127 127
22 26 137 138
22 23 155 159
22 27 170 171
22 25 201 203
22 23 209 213
22 30 214 214
22 23 222 225
22 27 226 227
22 32 250 250
23 31 60 60
23 25 89 92
23 33 154 154
23 33 180 180
24 34 4 4
24 25 6 11
24 29 12 13
24 26 42 44
24 25 51 55
24 26 82 84
24 27 86 87
24 26 97 100
24 26 140 142
24 26 146 148
24 33 155 155
24 26 162 164
24 31 179 179
24 28 181 182
24 26 189 192
24 27 196 197
24 32 198 198
24 24 205 212
24 31 213 213
24 32 218 218
24 25 222 225
24 29 228 229
25 29 77 78
25 28 94 95
25 27 106 108
25 36 109 109
25 36 117 117
25 35 122 122
25 29 123 124
25 29 159 160
25 36 199 199
26 27 5 9
26 27 51 55
26 29 89 91
26 34 92 92
26 33 101 101
26 36 134 134
26 27 220 223
26 29 237 239
26 27 243 246
27 38 3 3
27 28 22 25
27 28 40 43
27 31 57 58
27 32 64 65
27 38 75 75
27 31 83 84
27 30 97 99
27 32 110 111
27 32 112 113
27 29 114 116
27 29 140 142
27 35 164 164
27 29 172 174
27 28 183 187
27 28 188 191
27 37 192 192
27 32 204 205
27 29 206 208
27 38 241 241
28 39 9 9
28 38 20 20
28 30 32 34
28 35 39 39
28 35 79 79
28 33 86 87
28 30 106 108
28 39 125 125
28 31 149 151
28 31 156 157
28 39 197 197
28 36 222 222
28 39 223 223
28 30 232 234
28 36 246 246
29 30 22 25
29 31 40 42
29 40 59 59
29 32 118 119
29 34 130 131
29 34 132 133
29 29 181 190
29 36 235 235
29 40 248 248
29 39 249 249
30 31 12 17
30 31 68 71
30 33 76 77
30 38 78 78
30 39 105 105
30 35 120 121
30 33 140 141
30 32 172 174
30 32 181 184
30 32 200 202
30 32 206 208
30 33 228 229
31 36 10 11
31 32 22 25
31 33 32 34
31 33 80 82
31 34 97 99
31 38 143 143
31 33 146 148
31 34 165 167
31 38 175 175
31 36 224 225
31 39 230 230
31 33 232 234
32 41 7 7
32 40 8 8
32 34 27 30
32 39 31 31
32 34 40 42
32 40 48 48
32 36 57 58
32 33 67 71
32 35 83 85
32 39 93 93
32 35 128 129
32 35 156 157
33 35 22 24
33 42 25 25
33 42 53 53
33 34 62 65
33 38 118 119
33 37 137 138
33 35 181 184
33 35 200 202
33 35 204 206
33 37 207 208
33 43 218 218
33 36 226 227
33 41 250 250
34 35 12 15
34 44 16 16
34 36 32 34
34 36 67 70
34 37 76 77
34 36 80 82
34 38 115 116
34 36 146 148
34 41 155 155
34 45 213 213
34 39 228 229
34 36 231 234
35 45 4 4
35 40 36 37
35 37 40 42
35 42 45 45
35 45 52 52
35 36 62 65
35 46 71 71
35 39 91 92
35 43 98 98
35 42 99 99
35 39 135 136
35 44 139 139
35 38 149 151
35 40 162 163
35 46 203 203
35 45 212 212
35 42 240 240
36 40 1 2
36 43 15 15
36 43 39 39
36 47 85 85
36 38 120 122
36 43 145 145
36 39 156 157
36 40 159 160
36 44 164 164
36 38 188 190
36 38 204 206
37 40 10 11
37 46 19 19
37 40 32 33
37 45 34 34
37 45 44 44
37 42 46 47
37 39 80 82
37 39 88 90
37 46 117 117
37 40 146 147
37 45 148 148
37 38 168 171
37 44 199 199
37 39 219 222
38 42 5 6
38 45 35 35
38 39 40 43
38 43 76 77
38 42 123 124
38 46 158 158
38 41 165 167
38 46 192 192
38 42 207 208
39 46 61 61
39 48 75 75
39 47 78 78
39 44 86 87
39 46 103 103
39 47 116 116
39 44 140 141
39 48 143 143
39 39 181 190
39 41 204 206
39 48 241 241
40 42 12 14
40 51 31 31
40 48 40 40
40 45 42 43
40 43 67 69
40 42 80 82
40 47 93 93
40 51 97 97
40 49 105 105
40 43 107 109
40 47 125 125
40 51 179 179
40 41 181 185
40 42 186 188
40 45 196 197
40 43 200 201
40 48 202 202
40 47 223 223
40 49 233 233
40 42 236 238
40 49 249 249
41 49 2 2
41 44 10 11
41 44 22 23
41 49 48 48
41 52 49 49
41 46 50 51
41 50 59 59
41 51 122 122
41 49 162 162
41 50 163 163
41 44 243 244
42 49 7 7
42 52 84 84
42 51 151 151
42 53 155 155
42 46 181 182
42 53 183 183
42 47 184 185
42 42 224 232
42 45 234 235
42 53 245 245
43 54 1 1
43 47 5 6
43 45 12 14
43 50 17 17
43 50 53 53
43 52 73 73
43 45 80 82
43 52 99 99
43 47 123 124
43 46 207 209
43 53 214 214
43 53 232 232
44 51 15 15
44 51 39 39
44 47 76 77
44 47 94 95
44 45 106 109
44 46 110 112
44 53 113 113
44 49 118 119
44 47 126 127
44 46 135 138
44 51 145 145
44 52 180 180
44 47 200 201
44 47 215 217
45 47 62 64
45 49 65 66
45 54 79 79
45 49 101 102
45 46 128 131
45 54 199 199
45 48 229 231
45 47 242 244
46 48 12 14
46 47 32 35
46 48 54 56
46 48 80 82
46 49 196 197
46 48 204 206
47 50 50 51
47 54 61 61
47 48 67 71
47 54 117 117
47 48 128 131
47 49 135 138
47 57 158 158
47 54 161 161
47 49 164 166
47 51 167 168
47 55 228 228
48 50 26 28
48 57 29 29
48 59 57 57
48 50 62 64
48 50 76 78
48 52 115 116
48 51 169 171
48 52 193 194
48 59 203 203
48 49 215 219
48 53 220 221
48 57 223 223
48 53 242 243
49 51 12 14
49 60 21 21
49 53 45 46
49 59 54 54
49 57 58 58
49 56 75 75
49 52 80 81
49 57 82 82
49 51 88 90
49 56 91 91
49 52 120 121
49 49 127 134
49 53 139 140
49 58 143 143
49 51 204 206
49 52 211 213
50 57 7 7
50 60 38 38
50 52 42 44
50 54 65 66
50 57 105 105
50 58 114 114
50 53 118 119
50 53 146 147
50 60 148 148
50 58 156 156
50 60 162 162
50 51 215 219
50 52 224 226
50 58 249 249
51 62 17 17
51 60 41 41
51 62 59 59
51 53 62 64
51 53 76 78
51 62 83 83
51 59 100 100
51 62 103 103
51 54 110 111
51 52 127 131
51 62 149 149
51 58 163 163
51 53 186 188
51 54 236 237
52 56 5 6
52 53 12 15
52 54 106 108
52 61 109 109
52 60 136 136
52 61 151 151
52 60 154 154
52 53 167 171
52 61 179 179
52 54 204 206
52 63 244 244
53 64 53 53
53 62 73 73
53 64 99 99
53 55 120 122
53 54 123 127
53 54 128 131
53 56 172 173
53 63 174 174
53 57 193 194
53 56 200 201
53 56 207 209
53 56 211 213
53 55 224 226
53 64 227 227
54 56 12 14
54 58 15 16
54 62 52 52
54 59 70 71
54 56 76 78
54 55 92 95
54 63 113 113
54 63 155 155
54 55 164 167
54 56 168 170
54 56 186 188
54 56 220 222
54 56 240 243
54 62 245 245
55 64 1 1
55 60 10 11
55 60 22 23
55 56 32 35
55 62 61 61
55 56 65 69
55 60 86 87
55 57 106 108
55 55 123 134
55 64 161 161
55 59 181 182
55 64 199 199
55 60 204 205
55 63 206 206
56 59 26 27
56 66 90 90
56 57 92 95
56 66 104 104
56 58 132 134
56 60 137 138
56 67 153 153
56 57 164 167
56 67 191 191
56 65 195 195
56 58 224 226
56 61 228 229
56 64 230 230
57 61 5 6
57 59 12 14
57 60 18 19
57 65 30 30
57 58 32 35
57 67 40 40
57 58 42 45
57 60 65 67
57 62 130 131
57 60 139 141
57 68 157 157
57 58 168 173
57 59 186 188
57 60 207 209
57 68 217 217
57 68 235 235
57 60 240 242
58 68 58 58
58 61 80 81
58 63 92 93
58 63 94 95
58 68 144 144
58 60 164 166
58 67 177 177
58 61 184 185
58 62 193 194
58 69 223 223
59 66 3 3
59 66 15 15
59 67 20 20
59 60 32 35
59 62 42 43
59 64 44 45
59 67 114 114
59 62 126 127
59 61 132 134
59 70 143 143
59 62 146 147
59 70 159 159
59 61 167 170
59 62 224 225
59 66 233 233
59 67 249 249
60 67 9 9
60 62 12 14
60 69 27 27
60 67 57 57
60 63 70 71
60 71 85 85
60 62 100 102
60 68 108 108
60 65 110 111
60 61 118 123
60 68 152 152
60 63 186 187
61 65 7 8
61 64 10 11
61 64 18 19
61 63 21 24
61 62 31 35
61 66 38 39
61 68 41 41
61 72 51 51
61 65 55 56
61 64 65 67
61 62 86 89
61 62 136 139
61 66 140 141
61 71 154 154
61 69 162 162
61 63 164 166
61 69 180 180
61 71 202 202
61 64 204 205
61 64 207 209
61 63 220 222
61 68 248 248
62 69 37 37
62 67 46 47
62 69 109 109
62 70 134 134
62 65 167 169
62 70 170 170
62 67 228 229
63 65 12 14
63 72 25 25
63 64 31 35
63 68 72 73
63 70 83 83
63 65 86 88
63 74 89 89
63 74 97 97
63 64 100 103
63 64 126 131
63 74 133 133
63 65 136 138
63 66 146 147
63 71 172 172
63 73 198 198
63 72 219 219
63 66 224 225
63 70 231 231
63 70 245 245
64 67 48 49
64 66 61 64
64 73 113 113
64 68 115 116
64 75 123 123
64 75 139 139
64 66 164 166
64 67 174 175
64 74 190 190
64 72 206 206
64 68 215 216
64 69 220 221
64 71 244 244
65 70 10 11
65 68 31 33
65 68 44 45
65 76 59 59
65 66 74 77
65 66 99 103
65 66 124 127
65 66 128 131
65 72 161 161
65 75 192 192
65 76 193 193
65 68 207 209
65 74 227 227
66 68 12 14
66 76 30 30
66 74 50 50
66 70 55 56
66 71 86 87
66 76 88 88
66 75 111 111
66 68 117 120
66 76 160 160
66 69 167 169
66 73 195 195
67 76 3 3
67 78 7 7
67 76 15 15
67 69 21 24
67 77 38 38
67 74 39 39
67 78 53 53
67 70 80 81
67 75 90 90
67 69 92 94
67 68 99 103
67 68 124 129
67 72 130 131
67 70 146 147
67 69 164 166
67 72 224 225
67 70 240 242
68 76 20 20
68 70 46 48
68 77 57 57
68 71 65 67
68 79 105 105
68 75 153 153
68 76 158 158
68 79 171 171
68 77 191 191
68 79 201 201
68 71 211 213
68 79 237 237
68 75 249 249
69 71 12 14
69 77 16 16
69 78 41 41
69 80 45 45
69 77 58 58
69 70 70 73
69 72 78 79
69 80 95 95
69 70 98 103
69 71 115 118
69 73 119 120
69 71 126 128
69 76 129 129
69 71 148 150
69 74 186 187
69 78 203 203
69 72 247 248
70 72 21 24
70 73 26 27
70 80 34 34
70 79 35 35
70 72 74 76
70 72 92 94
70 72 135 138
70 77 185 185
70 73 220 221
70 81 223 223
71 79 36 36
71 81 46 46
71 75 55 56
71 72 70 73
71 72 98 101
71 78 107 107
71 72 162 167
71 73 168 170
71 74 173 175
71 80 179 179
71 82 189 189
71 78 231 231
71 82 245 245
71 81 250 250
72 74 12 14
72 83 31 31
72 81 33 33
72 83 47 47
72 75 65 67
72 75 140 141
72 74 148 150
72 82 154 154
72 74 180 182
72 80 188 188
72 75 211 213
72 82 234 234
73 82 25 25
73 74 60 63
73 73 69 76
73 75 92 94
73 78 100 101
73 77 199 200
73 81 206 206
73 82 219 219
73 81 224 224
73 76 228 229
73 76 247 248
74 77 26 27
74 85 51 51
74 78 109 110
74 75 115 119
74 85 155 155
74 77 168 169
74 83 195 195
74 77 220 221
74 79 242 243
75 76 60 63
75 78 85 87
75 85 104 104
75 77 148 150
75 76 161 165
75 80 204 205
75 83 230 230
75 77 238 240
76 79 10 11
76 85 29 29
76 84 52 52
76 78 92 94
76 87 111 111
76 78 126 128
76 81 146 147
76 85 153 153
76 78 176 178
76 84 192 192
76 80 207 208
76 79 211 213
76 84 236 236
76 86 249 249
77 88 3 3
77 86 9 9
77 85 30 30
77 87 42 42
77 78 59 63
77 77 71 80
77 84 81 81
77 86 91 91
77 88 123 123
77 78 160 163
77 80 247 248
78 79 20 23
78 81 26 27
78 86 38 38
78 82 43 44
78 78 69 76
78 86 82 82
78 81 115 117
78 81 130 131
78 83 148 149
78 81 168 169
78 81 173 175
78 79 180 183
78 87 185 185
78 85 191 191
78 85 215 215
78 83 220 221
78 80 238 240
79 86 7 7
79 89 12 12
79 89 14 14
79 88 37 37
79 84 48 49
79 90 53 53
79 80 59 63
79 83 69 70
79 80 71 75
79 87 76 76
79 80 84 87
79 81 92 94
79 86 107 107
79 83 109 110
79 89 112 112
79 80 124 127
79 87 128 128
79 80 160 163
79 81 176 178
79 87 194 194
79 87 210 210
80 81 18 21
80 83 22 23
80 88 32 32
80 84 35 36
80 91 77 77
80 85 78 79
80 90 80 80
80 87 105 105
80 89 143 143
80 87 171 171
80 91 187 187
80 91 201 201
80 87 237 237
80 83 241 243
80 88 246 246
81 90 45 45
81 90 63 63
81 83 71 74
81 92 75 75
81 83 84 86
81 91 118 118
81 86 124 125
81 86 126 127
81 91 142 142
81 82 160 163
81 89 188 188
81 86 204 205
81 88 240 240
81 85 247 248
82 90 6 6
82 83 18 21
82 91 83 83
82 93 87 87
82 85 130 131
82 87 146 147
82 89 159 159
82 87 164 165
82 86 177 178
82 93 183 183
82 90 232 232
82 92 250 250
83 93 2 2
83 90 25 25
83 93 50 50
83 85 59 62
83 93 138 138
83 94 189 189
83 90 213 213
84 87 4 5
84 95 13 13
84 91 23 23
84 93 31 31
84 95 47 47
84 85 69 73
84 86 84 86
84 87 100 101
84 91 151 151
84 92 170 170
84 85 172 175
84 86 195 198
84 88 199 200
84 86 218 220
84 91 221 221
84 91 225 225
84 87 241 243
85 89 35 36
85 92 49 49
85 89 121 122
85 90 132 133
85 88 135 137
85 95 236 236
86 93 51 51
86 89 69 71
86 91 72 73
86 89 78 79
86 91 92 93
86 90 103 104
86 89 130 131
86 93 155 155
86 87 172 175
86 93 215 215
86 95 227 227
86 90 247 248
87 94 9 9
87 89 26 28
87 98 91 91
87 98 139 139
87 95 144 144
87 98 153 153
87 91 177 178
87 91 211 212
87 89 218 220
87 90 228 229
87 98 249 249
88 91 4 5
88 91 15 17
88 90 19 22
88 99 33 33
88 91 39 41
88 93 54 55
88 90 126 128
88 89 171 175
88 96 190 190
88 98 194 194
88 98 210 210
88 96 224 224
88 90 241 243
89 96 37 37
89 98 123 123
89 92 191 193
89 99 226 226
89 92 244 246
90 92 10 12
90 100 14 14
90 91 26 29
90 94 35 36
90 101 71 71
90 95 78 79
90 97 119 119
90 94 121 122
90 93 130 131
90 93 167 169
90 97 179 179
90 98 214 214
90 91 216 219
90 98 220 220
90 97 231 231
91 93 19 22
91 99 34 34
91 98 53 53
91 93 63 66
91 98 67 67
91 101 80 80
91 93 84 86
91 95 103 104
91 93 132 134
91 102 157 157
91 98 213 213
91 96 228 229
91 94 241 243
92 102 4 4
92 99 5 5
92 95 39 41
92 101 61 61
92 95 72 73
92 101 77 77
92 99 83 83
92 102 88 88
92 95 92 93
92 99 113 113
92 102 118 118
92 95 124 125
92 103 161 161
92 99 187 187
93 95 10 12
93 98 44 45
93 101 106 106
93 102 117 117
93 104 147 147
93 101 154 154
93 101 170 170
93 97 197 198
94 105 23 23
94 101 31 31
94 97 50 51
94 95 54 59
94 104 60 60
94 96 63 66
94 102 74 74
94 96 84 86
94 101 87 87
94 104 94 94
94 95 130 133
94 102 138 138
94 103 155 155
94 103 215 215
95 104 9 9
95 99 97 98
95 97 126 128
95 97 134 136
95 106 221 221
95 106 225 225
95 105 234 234
95 97 241 243
96 100 7 8
96 98 10 12
96 103 13 13
96 99 19 21
96 99 39 41
96 99 72 73
96 101 124 125
96 104 144 144
96 107 195 195
96 99 238 239
97 105 24 24
97 104 37 37
97 99 63 66
97 100 84 85
97 105 86 86
97 108 89 89
97 99 108 110
97 105 162 162
97 100 164 165
97 107 186 186
97 107 222 222
97 100 228 229
98 99 26 29
98 103 114 115
98 105 119 119
98 99 126 129
98 105 141 141
98 100 171 174
98 105 179 179
98 101 184 185
98 102 207 208
98 102 217 218
98 105 231 231
98 105 233 233
98 105 235 235
98 101 241 243
99 109 38 38
99 107 44 44
99 108 45 45
99 108 53 53
99 106 105 105
99 110 107 107
99 106 143 143
99 108 145 145
99 100 150 153
99 108 159 159
99 107 194 194
99 104 202 203
99 109 220 220
99 109 249 249
100 107 5 5
100 102 26 28
100 104 33 34
100 102 39 42
100 103 63 65
100 109 73 73
100 103 82 83
100 103 90 91
100 102 96 98
100 107 103 103
100 111 113 113
100 105 176 177
100 104 181 182
100 109 187 187
100 111 223 223
101 112 1 1
101 103 14 16
101 111 18 18
101 112 29 29
101 105 35 36
101 109 52 52
101 106 78 79
101 111 84 84
101 104 149 151
101 106 152 153
101 111 164 164
101 108 165 165
101 111 180 180
101 104 199 201
102 110 2 2
102 105 19 21
102 111 25 25
102 109 31 31
102 111 49 49
102 113 61 61
102 110 80 80
102 112 154 154
102 110 188 188
102 107 204 205
103 113 4 4
103 106 10 11
103 106 50 51
103 111 74 74
103 114 77 77
103 110 101 101
103 111 112 112
103 113 118 118
103 106 171 173
103 107 213 214
104 106 12 14
104 111 15 15
104 115 65 65
104 109 82 83
104 106 108 110
104 107 114 115
104 106 121 124
104 108 135 136
104 115 209 209
104 107 243 244
105 108 7 9
105 116 37 37
105 107 39 42
105 115 46 46
105 113 60 60
105 106 96 99
105 113 102 102
105 114 151 151
105 116 161 161
105 112 183 183
105 112 193 193
105 112 203 203
105 108 228 229
106 111 16 17
106 109 19 21
106 111 92 93
106 115 137 137
106 117 141 141
106 109 176 177
106 115 189 189
106 106 233 240
107 115 32 32
107 108 96 99
107 118 105 105
107 114 143 143
107 110 152 153
107 110 171 173
107 110 184 185
107 109 199 202
107 114 221 221
107 112 224 225
107 114 227 227
108 110 39 42
108 116 44 44
108 109 54 57
108 111 62 63
108 116 64 64
108 113 66 67
108 115 103 103
108 111 114 115
108 119 119 119
108 115 157 157
108 119 179 179
108 116 186 186
108 109 204 207
108 111 211 213
108 116 222 222
108 110 243 246
109 118 45 45
109 111 96 98
109 110 126 129
109 113 135 136
109 118 145 145
109 113 159 160
109 119 170 170
109 113 181 182
109 111 233 236
110 112 10 12
110 114 23 24
110 119 31 31
110 114 47 48
110 120 52 52
110 111 54 57
110 115 72 73
110 113 82 83
110 118 106 106
110 112 199 202
110 112 204 206
110 114 215 216
110 114 237 238
110 118 249 249
111 113 26 28
111 115 87 88
111 120 101 101
111 113 107 110
111 113 125 128
111 122 129 129
111 113 131 134
111 116 152 153
111 114 171 173
111 119 188 188
111 119 208 208
112 121 25 25
112 123 49 49
112 122 50 50
112 121 51 51
112 114 54 56
112 119 57 57
112 115 62 63
112 115 91 93
112 114 96 98
112 122 164 164
112 115 211 213
112 123 219 219
113 115 10 12
113 116 19 21
113 118 74 75
113 123 94 94
113 114 120 123
113 123 138 138
113 121 174 174
113 124 195 195
113 118 224 225
114 122 22 22
114 115 26 29
114 119 66 67
114 117 81 83
114 118 135 136
114 117 162 163
114 118 191 192
114 117 228 229
114 117 233 235
114 122 236 236
115 119 47 48
115 117 54 56
115 122 77 77
115 117 96 98
115 117 112 114
115 124 115 115
115 126 151 151
115 123 158 158
115 117 165 168
115 119 171 172
115 122 173 173
115 119 203 204
115 124 215 215
115 126 221 221
115 122 227 227
115 123 230 230
115 119 237 238
116 117 10 13
116 118 15 18
116 118 26 28
116 125 59 59
116 119 62 63
116 118 86 88
116 127 103 103
116 124 134 134
116 123 137 137
116 121 142 143
116 125 240 240
117 124 21 21
117 128 29 29
117 119 32 34
117 120 39 41
117 128 65 65
117 127 84 84
117 124 95 95
117 120 107 109
117 125 124 124
117 121 139 140
117 127 150 150
117 124 161 161
117 120 241 243
118 125 3 3
118 126 38 38
118 127 43 43
118 120 96 98
118 125 99 99
118 126 114 114
118 120 116 118
118 119 120 123
118 126 128 128
118 125 141 141
118 126 146 146
118 119 165 169
118 123 228 229
119 121 26 28
119 126 45 45
119 127 68 68
119 120 71 75
119 120 86 89
119 121 90 92
119 126 93 93
119 121 130 132
119 128 133 133
119 126 145 145
119 130 187 187
119 128 207 207
119 122 211 213
119 129 249 249
120 122 31 34
120 124 47 48
120 121 53 57
120 125 66 67
120 123 78 79
120 130 80 80
120 123 122 123
120 122 165 168
120 123 169 171
120 129 175 175
120 130 176 176
120 128 188 188
120 124 203 204
121 124 39 41
121 129 52 52
121 122 71 75
121 126 116 117
121 129 118 118
121 132 193 193
121 129 194 194
121 129 214 214
121 132 223 223
121 130 235 235
121 124 241 243
122 129 1 1
122 124 25 28
122 129 51 51
122 125 55 57
122 126 69 70
122 126 125 126
122 126 139 140
122 127 142 143
122 127 152 153
122 133 197 197
123 134 35 35
123 131 58 58
123 124 71 75
123 130 77 77
123 134 105 105
123 128 112 113
123 127 201 202
123 127 205 206
123 130 213 213
123 131 236 236
124 125 7 11
124 127 60 61
124 135 79 79
124 129 86 87
124 134 94 94
124 128 137 138
124 132 156 156
124 127 169 171
124 135 173 173
124 132 180 180
124 133 183 183
124 133 217 217
124 131 219 219
124 127 224 225
124 126 228 230
125 126 18 21
125 136 23 23
125 127 25 28
125 128 39 41
125 129 47 48
125 128 73 75
125 132 115 115
125 136 129 129
125 127 134 136
125 132 149 149
125 134 157 157
125 129 191 192
125 132 215 215
125 127 241 243
126 133 3 3
126 135 11 11
126 137 37 37
126 135 59 59
126 134 76 76
126 135 85 85
126 128 90 92
126 133 99 99
126 128 130 132
126 133 141 141
126 134 182 182
126 131 184 185
126 135 240 240
126 135 244 244
127 129 18 20
127 128 30 33
127 132 44 45
127 136 93 93
127 129 95 98
127 129 106 108
127 135 114 114
127 130 116 117
127 129 144 146
127 136 151 151
127 128 161 165
127 130 228 229
127 131 233 234
127 136 248 248
128 130 25 28
128 135 43 43
128 131 60 61
128 137 103 103
128 133 134 135
128 132 147 148
128 138 150 150
128 129 152 155
128 139 189 189
128 139 205 205
128 136 206 206
128 130 224 226
128 130 241 243
129 133 5 6
129 131 29 32
129 132 39 41
129 131 130 132
129 136 133 133
129 131 161 164
129 131 209 212
130 139 1 1
130 138 10 10
130 137 15 15
130 140 16 16
130 132 18 20
130 131 51 55
130 140 56 56
130 135 62 63
130 133 86 87
130 132 95 98
130 133 106 107
130 140 108 108
130 130 118 126
130 132 144 146
130 141 165 165
130 138 172 172
130 135 194 195
130 138 208 208
130 138 214 214
131 135 13 14
131 138 17 17
131 139 28 28
131 139 50 50
131 141 80 80
131 133 88 90
131 141 118 118
131 133 119 122
131 139 126 126
131 135 139 140
131 134 169 171
131 135 175 176
131 139 190 190
131 138 213 213
131 133 224 226
131 136 228 229
131 138 235 235
131 133 241 243
131 134 245 247
131 142 249 249
132 142 2 2
132 133 51 55
132 137 60 61
132 139 81 81
132 134 161 164
132 140 174 174
132 141 185 185
132 139 219 219
132 136 233 234
133 135 18 20
133 143 22 22
133 141 24 24
133 138 44 45
133 135 69 72
133 135 95 98
133 134 142 147
133 141 156 156
133 138 198 199
133 142 215 215
133 141 218 218
133 138 222 223
134 138 5 6
134 137 25 27
134 136 29 32
134 141 47 47
134 137 64 65
134 145 83 83
134 139 106 107
134 135 119 123
134 142 134 134
134 143 141 141
134 142 158 158
134 141 197 197
134 136 209 212
134 144 220 220
134 136 224 226
135 142 35 35
135 142 57 57
135 138 76 77
135 146 105 105
135 144 145 145
135 140 146 147
135 137 161 164
135 143 182 182
135 145 245 245
136 139 7 9
136 143 11 11
136 138 51 54
136 141 62 63
136 141 66 67
136 146 68 68
136 139 69 71
136 137 84 87
136 138 88 90
136 138 95 98
136 143 101 101
136 137 119 123
136 146 128 128
136 140 139 140
136 143 173 173
136 140 175 176
136 140 191 192
136 140 201 202
136 143 240 240
137 146 23 23
137 138 29 33
137 140 129 131
137 144 133 133
137 141 137 138
137 147 206 206
137 139 224 226
137 140 228 229
137 142 236 237
138 148 4 4
138 147 15 15
138 141 25 27
138 143 60 61
138 141 64 65
138 149 75 75
138 140 84 86
138 145 103 103
138 141 122 123
138 149 135 135
138 140 161 164
138 142 167 168
138 147 169 169
139 143 5 6
139 147 10 10
139 147 42 42
139 142 44 45
139 144 76 77
139 141 88 90
139 149 98 98
139 143 115 116
139 142 124 125
139 141 142 144
139 144 150 151
139 147 172 172
139 149 196 196
139 142 198 199
139 148 223 223
139 146 235 235
140 149 1 1
140 143 7 9
140 142 48 50
140 142 152 154
140 144 189 190
140 149 205 205
140 144 207 208
140 142 224 226
141 152 21 21
141 143 51 54
141 146 108 109
141 144 146 147
141 143 161 164
141 146 194 195
141 143 201 204
141 143 210 212
141 150 229 229
141 145 233 234
142 147 24 25
142 147 26 27
142 145 29 31
142 150 46 46
142 143 62 67
142 143 88 91
142 145 95 97
142 150 118 118
142 147 122 123
142 152 132 132
142 151 179 179
142 149 193 193
143 146 2 3
143 144 16 19
143 145 34 36
143 145 48 50
143 146 55 57
143 148 124 125
143 145 152 154
143 145 198 200
143 146 213 215
143 151 249 249
144 145 5 9
144 151 11 11
144 147 32 33
144 145 60 63
144 146 64 66
144 151 67 67
144 145 88 91
144 151 101 101
144 148 115 116
144 147 119 121
144 151 141 141
144 145 162 165
144 153 173 173
144 154 204 204
144 149 210 211
144 147 239 240
145 146 16 19
145 147 72 74
145 155 76 76
145 148 106 107
145 156 127 127
145 154 133 133
145 149 139 140
145 154 147 147
145 150 150 151
145 150 174 175
145 150 182 183
145 156 187 187
145 150 220 221
145 147 230 232
145 149 243 244
146 149 5 7
146 151 8 9
146 148 34 36
146 157 41 41
146 148 48 50
146 148 60 62
146 153 63 63
146 150 69 70
146 153 71 71
146 155 83 83
146 147 88 91
146 155 103 103
146 149 136 137
146 148 142 144
146 147 152 155
146 148 162 164
146 155 165 165
146 151 198 199
146 157 207 207
146 153 209 209
146 148 224 226
146 155 227 227
146 150 233 234
147 150 2 3
147 154 13 13
147 148 16 19
147 154 23 23
147 151 37 38
147 149 64 66
147 157 68 68
147 150 108 109
147 157 128 128
147 148 156 161
147 149 166 168
147 150 194 195
147 149 213 216
147 154 235 235
148 156 10 10
148 153 14 15
148 149 24 27
148 151 44 45
148 156 82 82
148 156 114 114
148 149 119 123
148 152 129 130
148 151 148 149
148 149 152 155
148 155 169 169
148 152 171 172
148 150 230 232
148 151 236 237
148 152 239 240
149 157 4 4
149 151 16 18
149 160 19 19
149 153 29 30
149 158 31 31
149 151 34 36
149 156 39 39
149 159 50 50
149 151 84 86
149 156 107 107
149 160 111 111
149 152 115 117
149 151 160 162
149 159 178 178
149 156 219 219
150 157 1 1
150 157 7 7
150 157 53 53
150 152 55 58
150 152 64 66
150 158 80 80
150 152 119 122
150 154 139 140
150 155 166 167
150 158 168 168
150 159 181 181
150 159 193 193
150 158 196 196
150 152 200 202
150 159 203 203
150 153 210 211
150 158 216 216
150 153 243 244
151 156 2 3
151 159 134 134
151 162 185 185
151 153 188 190
151 162 191 191
151 158 197 197
151 156 220 221
151 155 233 234
151 162 245 245
152 154 16 18
152 153 24 27
152 157 44 45
152 163 67 67
152 154 72 74
152 154 84 86
152 153 94 97
152 160 104 104
152 155 198 199
152 157 236 237
152 161 249 249
153 156 32 33
153 162 47 47
153 164 61 61
153 163 62 62
153 155 64 66
153 163 122 122
153 155 129 132
153 154 141 145
153 157 163 164
153 157 171 172
153 155 200 202
153 160 215 215
153 155 222 224
153 156 239 240
154 156 24 26
154 158 29 30
154 165 59 59
154 161 63 63
154 161 71 71
154 155 88 91
154 162 112 112
154 156 188 190
154 157 209 211
154 158 243 244
155 160 20 21
155 162 23 23
155 160 84 85
155 163 86 86
155 164 133 133
155 155 139 146
155 162 147 147
155 156 156 159
156 159 11 13
156 166 22 22
156 160 37 38
156 161 64 65
156 159 108 109
156 160 115 116
156 165 117 117
156 166 132 132
156 156 139 146
156 157 150 153
156 158 160 162
156 160 165 166
156 167 169 169
156 159 174 175
156 158 182 184
156 159 194 195
156 158 222 224
156 158 227 230
156 163 231 231
156 165 233 233
157 165 2 2
157 159 24 26
157 162 32 33
157 164 39 39
157 161 69 70
157 165 82 82
157 166 107 107
157 164 127 127
157 157 139 146
157 160 148 149
157 159 156 158
157 165 190 190
157 161 239 240
157 168 248 248
158 167 53 53
158 167 87 87
158 166 128 128
158 158 138 146
158 160 150 152
158 167 153 153
158 169 159 159
158 162 171 172
158 159 198 201
158 167 207 207
158 161 209 211
158 161 236 237
158 168 246 246
159 162 29 31
159 167 46 46
159 169 48 48
159 166 51 51
159 166 75 75
159 161 88 90
159 161 118 120
159 166 121 121
159 162 129 131
159 168 177 177
159 167 216 216
159 161 227 230
159 168 244 244
160 162 24 26
160 162 34 36
160 171 77 77
160 167 97 97
160 163 108 109
160 170 156 156
160 163 180 181
160 171 187 187
160 165 188 189
160 169 203 203
161 172 1 1
161 163 14 16
161 163 17 20
161 172 43 43
161 166 44 45
161 164 84 85
161 166 100 101
161 169 104 104
161 170 111 111
161 165 115 116
161 163 142 144
161 171 176 176
161 168 215 215
162 165 63 65
162 164 118 120
162 173 123 123
162 163 134 137
162 164 138 140
162 163 198 201
162 164 209 212
162 170 230 230
162 165 236 237
162 170 249 249
163 170 9 9
163 166 11 13
163 165 33 36
163 166 40 41
163 172 47 47
163 171 52 52
163 165 72 74
163 174 91 91
163 168 98 99
163 166 129 131
163 167 151 152
163 165 160 162
163 164 182 185
163 164 191 195
163 171 232 232
163 173 238 238
163 170 245 245
164 172 62 62
164 169 66 67
164 172 86 86
164 166 94 96
164 172 122 122
164 165 196 199
164 167 200 201
164 167 222 223
164 171 231 231
164 173 235 235
165 168 37 39
165 174 61 61
165 168 84 85
165 174 103 103
165 172 105 105
165 167 147 150
165 174 167 167
165 167 181 184
165 166 191 195
165 173 214 214
165 174 229 229
165 168 239 240
165 173 241 241
166 175 49 49
166 176 50 50
166 168 72 74
166 174 78 78
166 170 115 116
166 175 117 117
166 169 154 155
166 170 157 158
166 167 160 163
166 167 170 173
166 169 219 221
166 175 233 233
167 169 4 6
167 169 40 42
167 168 54 57
167 175 58 58
167 175 92 92
167 169 94 96
167 176 107 107
167 175 142 142
167 171 165 166
167 168 191 195
167 168 208 213
168 171 29 31
168 170 68 70
168 177 71 71
168 175 81 81
168 175 97 97
168 171 112 113
168 179 121 121
168 169 147 151
168 170 160 162
168 179 169 169
168 176 178 178
168 171 181 183
168 178 184 184
168 173 200 201
168 171 222 223
169 169 11 20
169 178 65 65
169 171 108 110
169 171 118 120
169 170 138 141
169 176 177 177
169 171 195 198
169 180 199 199
169 177 206 206
169 170 208 211
169 178 213 213
169 178 215 215
169 173 225 226
169 172 239 240
169 173 243 244
169 179 250 250
170 172 3 6
170 178 8 8
170 173 11 13
170 178 14 14
170 173 15 17
170 178 28 28
170 173 66 67
170 180 90 90
170 171 128 131
170 181 145 145
170 177 151 151
170 175 154 155
170 179 159 159
170 172 188 190
170 181 248 248
171 178 9 9
171 172 21 25
171 179 26 26
171 173 68 70
171 175 115 116
171 173 156 158
171 174 160 161
171 173 191 194
171 173 208 210
171 179 249 249
172 173 29 33
172 182 44 44
172 181 45 45
172 174 54 56
172 179 57 57
172 177 100 101
172 183 113 113
172 174 118 120
172 173 128 131
172 174 147 150
172 174 170 172
172 183 173 173
172 176 175 176
172 179 183 183
172 179 187 187
172 175 222 223
173 182 5 5
173 174 21 25
173 184 27 27
173 184 35 35
173 180 43 43
173 178 62 63
173 181 64 64
173 176 72 73
173 181 74 74
173 181 114 114
173 177 135 136
173 175 188 190
173 184 240 240
174 177 11 13
174 175 29 33
174 177 84 85
174 176 94 96
174 179 98 99
174 176 156 158
174 175 191 195
174 176 196 198
174 176 208 210
174 181 217 217
174 181 235 235
175 176 21 25
175 177 54 56
175 182 61 61
175 179 75 76
175 178 78 79
175 180 88 89
175 182 91 91
175 177 118 120
175 176 138 141
175 177 147 150
175 180 160 161
175 179 167 168
175 178 227 229
176 180 19 20
176 179 32 33
176 177 66 69
176 186 92 92
176 183 97 97
176 186 142 142
176 187 185 185
176 187 211 211
176 185 233 233
177 181 3 4
177 179 21 24
177 188 49 49
177 180 72 73
177 182 132 133
177 179 138 140
177 184 163 163
177 180 196 197
177 182 204 205
177 179 208 210
178 189 85 85
178 180 118 120
178 179 122 125
178 180 126 128
178 185 143 143
178 187 153 153
178 180 164 166
178 180 188 190
178 186 202 202
178 186 206 206
178 188 234 234
179 182 8 9
179 187 14 14
179 180 28 31
179 186 65 65
179 182 78 79
179 182 81 83
179 186 87 87
179 181 175 178
179 182 193 195
179 182 200 201
179 188 203 203
179 186 207 207
179 188 215 215
179 181 226 228
179 186 229 229
180 183 21 23
180 185 32 33
180 187 57 57
180 189 125 125
180 181 138 141
180 181 147 151
180 188 152 152
180 183 167 169
180 189 183 183
180 187 187 187
180 182 208 210
180 190 222 222
180 181 241 245
181 185 19 20
181 182 28 31
181 188 43 43
181 182 66 69
181 185 71 72
181 183 88 90
181 183 108 110
181 188 111 111
181 184 126 127
181 182 156 161
181 183 164 166
181 192 179 179
181 189 186 186
181 184 188 189
181 191 212 212
182 186 3 4
182 193 45 45
182 190 64 64
182 190 102 102
182 191 105 105
182 186 129 130
182 187 150 151
182 191 175 175
182 191 235 235
182 193 245 245
183 190 5 5
183 184 28 31
183 191 44 44
183 186 67 69
183 186 131 133
183 194 145 145
183 184 156 161
183 186 204 205
183 188 208 209
183 186 219 221
183 186 225 227
184 191 13 13
184 187 21 23
184 185 37 41
184 195 61 61
184 193 93 93
184 195 113 113
184 187 135 137
184 191 169 169
184 195 173 173
184 188 191 192
185 196 55 55
185 188 98 99
185 189 119 120
185 186 138 141
185 187 146 148
185 185 155 162
185 192 240 240
186 196 6 6
186 187 15 19
186 191 32 33
186 190 41 42
186 190 71 72
186 189 94 95
186 193 103 103
186 193 107 107
186 187 164 167
186 190 181 182
187 189 7 10
187 194 51 51
187 194 59 59
187 197 60 60
187 189 65 68
187 188 129 133
187 198 149 149
187 189 204 206
187 194 207 207
187 194 225 225
187 197 226 226
188 192 11 12
188 189 14 19
188 189 21 25
188 197 57 57
188 196 84 84
188 190 121 124
188 197 135 135
188 198 136 136
188 190 146 148
188 195 153 153
188 192 159 160
188 197 185 185
188 195 187 187
188 190 193 196
188 195 211 211
188 195 213 213
188 192 217 218
188 199 229 229
189 196 43 43
189 198 49 49
189 192 81 83
189 190 128 132
189 196 133 133
189 190 137 141
189 198 152 152
189 198 203 203
189 193 208 209
189 196 215 215
189 190 230 234
189 190 241 244
190 191 14 19
190 195 38 39
190 198 40 40
190 195 74 75
190 193 100 101
190 194 161 162
190 197 183 183
190 198 186 186
190 192 204 206
190 195 236 237
191 200 5 5
191 198 41 41
191 198 46 46
191 198 64 64
191 194 114 116
191 198 117 117
191 200 154 154
191 194 222 224
191 192 230 234
191 192 241 244
191 198 248 248
192 193 21 25
192 200 44 44
192 196 177 178
192 199 235 235
193 197 78 79
193 196 81 83
193 197 150 151
193 200 179 179
193 195 190 193
193 196 204 206
193 194 217 221
193 200 234 234
193 194 239 242
193 198 243 244
194 197 24 25
194 198 69 70
194 196 128 130
194 196 146 148
194 195 163 167
194 196 208 210
195 195 13 20
195 198 21 23
195 199 30 31
195 199 62 63
195 198 155 157
195 199 188 189
195 198 216 218
195 197 230 233
196 198 1 4
196 196 10 18
196 197 26 29
196 198 65 68
196 199 158 159
196 199 163 165
196 197 190 193
197 200 35 37
197 200 105 107
197 200 124 126
197 199 127 130
197 199 166 169
197 200 204 206
197 200 207 209
198 200 6 8
198 199 56 61
198 200 91 94
198 198 137 144
198 200 226 228
198 200 239 242
199 199 9 16
200 200 9 16
200 200 53 60
200 200 127 134
200 200 163 170
200 200 188 198
